PACKAGE_USAGE__VERSION_1
com.google.android.ext.services 0 1710619157377 0 0 0 0 0 0
com.android.providers.telephony 0 0 0 0 1710593928146 0 1710593928766 0
org.android_x86.analytics 0 1710619143906 0 1710619143902 0 0 0 0
com.google.android.googlequicksearchbox 0 1710619464125 0 1710619425600 1710619423930 0 0 0
com.android.providers.calendar 0 0 0 1710619174254 1710619428591 0 0 0
com.android.providers.media 0 1710619255279 0 1710619140716 1710593933609 0 1710593933965 0
com.google.android.onetimeinitializer 0 0 0 1710619143443 0 0 0 0
org.zeroxlab.util.tscal 1588983987133 0 0 0 0 0 0 0
com.android.providers.downloads 0 1710619458976 0 1710619140261 1710593933609 0 0 0
com.android.defcontainer 0 1710619459638 0 0 0 0 0 0
com.android.vending 0 1710619500867 1710619500949 1710619464576 1710593933577 0 0 0
android 1588983987540 1710619188768 0 1710593935588 1710593926114 0 0 0
com.android.contacts 0 0 0 1710619139284 1710619139282 0 0 0
com.android.camera2 0 0 0 1588983897978 0 0 0 0
com.android.launcher3 1710593932029 1710593932067 0 0 1710593932021 0 0 0
com.google.android.gm 0 1710619154747 0 1710619154746 1710619141841 0 0 0
com.android.settings.intelligence 0 1710619558830 0 0 0 0 0 0
com.android.calendar 0 1710619139203 0 1710619154743 1710619138910 0 0 0
com.google.android.setupwizard 1710619503093 1710619432710 1710619427866 1710619143757 1710593932100 0 0 0
com.android.providers.settings 0 0 0 0 1710593926114 0 1710593928115 0
com.android.printspooler 0 1710593933079 0 0 0 0 0 0
com.android.cellbroadcastreceiver 0 1710619139266 0 1710619139192 1710619139190 0 0 0
com.google.android.syncadapters.contacts 0 1710619143901 0 1710619143780 1710619143778 0 0 0
com.android.keychain 0 1710619464227 0 0 0 0 0 0
com.android.chrome 1710619302904 1710619480874 0 1710619305849 1710619480739 0 1710619479108 0
com.android.dialer 0 1710619141779 0 1710619139711 1710619139708 0 0 0
com.android.gallery3d 0 1710619464559 0 1710619464561 1710619464128 0 0 0
com.google.android.packageinstaller 0 0 0 1710619143529 1710619143528 0 0 0
com.google.android.gms 1710619479025 1710619553530 0 1710619584128 1710619464277 0 1588984071265 0
com.google.android.gsf 0 0 0 1710619155001 1710619423696 0 0 0
com.google.android.partnersetup 0 0 0 1710619154916 1710619303587 0 0 0
com.android.carrierdefaultapp 0 0 0 1588983880649 0 0 0 0
com.android.inputmethod.latin 0 1710593927246 0 1710619139799 1710593927242 0 0 0
com.android.managedprovisioning 0 0 0 1710619139826 0 0 0 0
com.android.providers.partnerbookmarks 0 0 0 0 1710619305565 0 0 0
com.android.settings 1710619543362 0 0 1710619141091 1710619422314 0 0 0
com.farmerbb.taskbar.androidx86 0 0 0 1710619141629 0 0 0 0
com.android.phone 0 1710593929161 0 1710619140157 1710593928146 0 0 0
com.android.providers.blockednumber 0 0 0 0 1710619143587 0 1710619143691 0
com.android.providers.userdictionary 0 0 0 0 1710619143587 0 1710619143695 0
com.android.location.fused 0 1710593927428 0 0 0 0 1710593928189 0
com.android.deskclock 0 0 0 1710619144358 1710619144269 0 0 0
com.android.systemui 0 1710593927391 0 0 1710593927298 0 0 0
com.android.traceur 0 0 0 1710619141287 1710619141285 0 0 0
com.android.bluetooth 0 1588983878708 0 0 1588983878703 0 0 0
com.android.providers.contacts 0 0 0 1588983897109 1710619143587 0 0 0
com.google.android.apps.restore 1710619468214 1710619469168 0 1710619469153 0 0 0 0
