59955 725.605 -0.002167105 47.876 0.012528010 1.558579 9
59955 2813.555 0.007339561 48.769 0.012191359 1.491715 9
59955 3182.828 0.000774940 48.139 0.000273983 0.000000 6
59955 3186.829 0.000324979 48.139 0.000301648 0.000100 6
59955 3376.826 0.001493879 48.156 0.000500408 0.005978 6
59955 3914.835 0.001421751 48.202 0.000468783 0.017062 6
59955 4451.820 0.001317672 48.244 0.000440048 0.021842 6
59955 4923.852 0.001840137 48.296 0.000451174 0.027432 6
59955 4992.824 0.001739301 48.303 0.000423538 0.025784 6
59955 5061.828 0.001700245 48.310 0.000396424 0.024245 6
59955 5603.837 0.000254537 48.318 0.000631480 0.022865 6
59955 5806.822 0.000321808 48.322 0.000591174 0.021432 6
59955 6343.878 0.000159134 48.327 0.000555975 0.020129 6
59955 6748.861 0.000758896 48.345 0.000561636 0.019913 6
59955 6952.823 0.000027447 48.346 0.000585561 0.018627 6
59955 7409.832 0.001145795 48.377 0.000675544 0.020626 6
59955 7474.858 0.001253612 48.382 0.000633062 0.019370 6
59955 7538.837 0.001096772 48.386 0.000594766 0.018179 7
59955 7605.824 0.000813418 48.387 0.000565300 0.017007 7
59955 7871.820 0.000566090 48.389 0.000535971 0.015929 7
59955 8400.832 0.000074563 48.390 0.000530620 0.014901 7
59955 8467.821 0.000149345 48.390 0.000497053 0.013939 7
59955 8598.821 0.000623306 48.391 0.000494225 0.013046 8
59955 9119.861 0.000267906 48.392 0.000479077 0.012205 8
59955 9184.820 0.000268116 48.392 0.000448136 0.011416 8
59955 9707.910 0.002645596 48.397 0.000939294 0.010834 8
59955 9970.822 0.003281310 48.400 0.000906921 0.010197 9
59955 10365.843 0.003673091 48.401 0.000859581 0.009551 9
59955 10894.822 0.005659304 48.404 0.001067544 0.008988 8
59955 11028.822 0.005994193 48.407 0.001005590 0.008474 8
